image_width: 1280
image_height: 960
camera_name: camera
camera_matrix:
  rows: 3
  cols: 3
  data: [1469.056039710856, 0, 639.5, 0, 1469.056039710856, 479.5, 0, 0, 1]
distortion_model: plumb_bob
distortion_coefficients:
  rows: 1
  cols: 5
  data: [-0.04435917688230889, 0.3318558154183684, -0.01111332985756126, -0.001534500749251527, 0]
rectification_matrix:
  rows: 3
  cols: 3
  data: [1, 0, 0, 0, 1, 0, 0, 0, 1]
projection_matrix:
  rows: 3
  cols: 4
  data: [1498.669799804688, 0, 637.6614974594158, 0, 0, 1490.243408203125, 471.3502291081313, 0, 0, 0, 1, 0]