image_width: 640
image_height: 480
camera_name: camera
camera_matrix:
  rows: 3
  cols: 3
  data: [611.1307463930127, 0, 319.5, 0, 611.1307463930127, 239.5, 0, 0, 1]
distortion_model: plumb_bob
distortion_coefficients:
  rows: 1
  cols: 5
  data: [-0.4523446668944782, 0.1835118675636835, 0.001926947852730419, 0.002864717644185187, 0]
rectification_matrix:
  rows: 3
  cols: 3
  data: [0.9947729392654542, 0.003810278219004887, -0.1020405854798115, -0.003180390557829881, 0.9999748768177099, 0.006334891420178719, 0.1020621595943796, -0.005977249643403262, 0.9947600655764341]
projection_matrix:
  rows: 3
  cols: 4
  data: [572.2248516229374, 0, 378.7735080718994, -35.44749952807783, 0, 572.2248516229374, 239.291540145874, 0, 0, 0, 1, 0]