image_width: 640
image_height: 480
camera_name: camera
camera_matrix:
  rows: 3
  cols: 3
  data: [595.4027671839025, 0, 319.5, 0, 595.4027671839025, 239.5, 0, 0, 1]
distortion_model: plumb_bob
distortion_coefficients:
  rows: 1
  cols: 5
  data: [-0.4354844575023802, 0.2084287822486915, -0.002472304957452653, -0.002918576647289711, 0]
rectification_matrix:
  rows: 3
  cols: 3
  data: [0.9978423800477815, 0.0006540785951875053, -0.06565178414765506, -0.001058970814341743, 0.9999806343474146, -0.006132659370684175, 0.06564650151678572, 0.006188950745787659, 0.9978237488290568]
projection_matrix:
  rows: 3
  cols: 4
  data: [572.2248516229374, 0, 378.7735080718994, 0, 0, 572.2248516229374, 239.291540145874, 0, 0, 0, 1, 0]