%YAML:1.0
calibration_time: "Thu Oct 15 15:32:44 2015"
image_width: 640
image_height: 480
board_width: 6
board_height: 9
square_size: 1.8440000534057617e+01
flags: 0
camera_matrix: !!opencv-matrix
   rows: 3
   cols: 3
   dt: d
   data: [ 1.0050698029341766e+03, 0., 3.1856271152098861e+02, 0.,
       1.0083493367812179e+03, 2.0815656163588574e+02, 0., 0., 1. ]
distortion_coefficients: !!opencv-matrix
   rows: 5
   cols: 1
   dt: d
   data: [ 1.0138556070465130e-02, -3.7019896627360455e-01,
       -1.5961289458302096e-03, -4.0631736472388075e-03,
       9.2865449594159910e-01 ]
avg_reprojection_error: 4.9903858061467604e-01
